144.7721664066509 -40.92072460578053
144.7129302234228 -41.13297197872914
144.9630734424705 -41.60838319616431
145.180741640066 -41.88106314447349
145.3367654188528 -42.15050060461433
145.3281841708736 -42.48794788658639
145.4774057614814 -42.8207350523148
145.8004702742221 -43.14138723219689
146.1900315875836 -43.44085154741152
146.6216417286467 -43.51873092327475
146.9311157225086 -43.49496511854921
147.1262200994509 -43.17384078613944
147.4014543496364 -42.8845711481272
147.6382678535808 -42.76532559302394
147.8548352412932 -42.62318880251031
147.8853163352478 -42.30487645315981
148.109878853844 -41.82228517650417
148.1181204267486 -41.81210872370314
148.1711844659391 -41.45060390115226
148.1884162027717 -41.0801451173906
147.9648055154742 -41.00197297889347
147.4173037592794 -41.07506311360562
146.9350166778388 -41.1535875188405
146.4739106717473 -41.2459719077139
146.2411148287288 -41.2436129000914
145.8775944117746 -41.13363321971561
145.5214672967486 -40.94935571764893
144.902776356568 -40.80429890543979
144.7721664066509 -40.92072460578053
